100
2
10 11
3
0 9 9
4
81 67 83 86
3
11 22 30
1
0
1
5
1
999999
1
1000000
2
5 10
3
0 10 11
5
10 20 21 22 23
5
422808 211404 761062 845625 491519
5
18 7 45 36 59
5
13 20 32 80 80
5
15 91 21 55 5
5
47 21 21 23 23
5
15 32 28 44 98
5
56 59 64 17 74
5
71 59 55 58 5
5
86 74 93 63 33
5
69 24 33 23 51
5
17 75 8 56 29
10
1 98 76 33 79 17 85 38 73 57
10
89 10 12 28 16 99 35 72 93 85
10
87 30 57 71 15 23 30 16 31 42
10
61 43 50 2 67 33 5 24 8 80
10
71 27 68 82 42 82 44 15 79 44
10
42 91 81 57 88 90 93 51 33 42
10
24 88 91 33 76 42 88 31 37 0
10
23 94 32 9 9 97 73 86 83 29
10
33 98 41 39 65 73 65 63 27 22
10
16 68 53 92 57 41 70 10 97 70
5
930486 801318 867255 923124 967014
5
812574 960528 821828 960583 817483
5
902598 804169 868804 956630 843718
5
806641 952576 884588 833086 994169
5
871985 909282 970471 818996 837889
5
935906 973782 812852 821824 918140
5
999323 853121 823531 854264 875544
5
939162 938563 903218 804470 847050
5
935746 935828 815567 968042 846183
5
867322 982061 821395 888245 845675
10
973360 895906 933193 964021 995084 982794 823588 930150 968599 919590
10
849322 834400 907643 992544 911849 806640 960107 933682 896883 961612
10
955679 877854 824562 882818 940653 813089 926914 883059 892087 968446
10
959270 886097 847976 809384 886114 870805 925107 966627 816452 810025
10
819928 859391 941723 982159 810343 949389 990364 834190 929007 920873
10
989813 910212 971751 939083 982160 966350 989626 843827 849792 906181
10
903577 888720 908182 969586 952026 928707 961487 832666 955494 828376
10
836328 995068 834805 842002 988787 903753 986402 830992 953999 974699
10
966540 848413 827733 875942 865473 855922 971065 858353 987519 875378
10
813208 829091 889734 901234 980324 917677 893955 919171 841261 898759
10
952471 69 7 885973 849990 874435 21 81 41 842154
10
864354 962169 50 8 21 82 919717 987234 62 899020
10
957630 966035 41 802899 83 69 849432 987233 70 9
10
806862 869466 78 1 946080 841025 16 15 938962 43
10
100 90 991991 807040 36 31 928972 907800 831513 87
10
46 925981 4 966017 995100 11 934239 72 965407 5
10
804774 932253 25 30 64 938681 954011 55 940008 11
10
835852 856138 41 70 910458 985129 83 11 60 861319
10
45 942911 82 894807 74 811808 23 956656 92 834044
10
950995 57 837828 53 949887 971415 83 26 50 839537
10
839237 59 990823 87 839738 955244 31 12 48 967986
10
52 904389 871005 10 824446 0 969140 92 954972 96
10
880907 911743 93 20 921483 84 15 840309 932974 93
10
41 33 869149 88 957654 20 977668 903013 96 806195
10
2 862505 828962 970631 912132 50 848254 59 46 57
10
942924 96 943933 895056 22 897716 85 998993 61 99
10
865984 835161 830425 36 84 17 830858 61 962253 53
10
40 87 977455 71 994704 55 947268 86 802678 907946
10
968106 40 916296 99 950693 936135 52 912205 87 51
10
892988 900430 13 851439 76 938679 976315 16 42 60
7
849815 358745 608990 119685 11751 404173 920020
8
983440 641820 709925 188135 735565 254395 750250 999770
10
945945 619408 114875 571195 202171 487670 281700 640575 145960 48624
7
360028 894670 139805 212883 860500 101675 783005
10
697660 429585 964095 90160 125705 169875 55970 693281 210567 729525
10
288870 694870 44685 135775 244165 741787 160345 378986 76830 792040
9
427340 816670 80070 278990 999115 264441 264325 793203 794298
10
404095 57088 147817 354637 415050 454625 630030 652805 202630 370355
8
935515 913741 447785 677880 220090 989770 352305 837315
8
989465 856400 317742 832050 683620 721790 322283 579485
10
174260 770355 716900 591155 392200 531765 248892 965270 881877 467925
9
385955 80845 5102 550355 589755 89115 958995 152085 101037
10
578324 897717 405440 663120 800591 455800 681575 766805 201253 876534
10
255765 159005 409025 805220 958847 648582 96695 783520 412590 730785
8
915835 800795 502050 454325 414996 561245 637520 515519
10
484515 351830 438320 489610 105096 144645 39536 797245 126365 700305
9
313630 629770 650580 324704 586585 148260 963295 699094 28810
9
311655 973540 712097 129620 139865 887365 489440 753200 494730
10
990505 841970 427884 473815 780495 673240 191740 658930 296380 568260
10
712750 792100 872170 163846 931010 119035 713465 927645 368790 567285
8
162532 305322 469055 420213 225217 564754 189552 558945
2
907193 314911
9
89057 529193 182011 557271 411021 637232 878965 155564 518159
5
13170 861684 48832 641338 88163
4
633660 453207 971753 614356
5
665169 474929 722337 963621 763781
10
664941 968576 146285 790838 647811 832163 527417 805398 644453 807276
9
467734 715429 322413 683919 798896 850027 49765 813829 699291